time site_diversity
0 3.4285714
0.1 4
0.2 4.25
0.3 3.25
0.4 3.25
0.5 3.25
0.6 3.1111111
0.7 3.1111111
0.8 3.1111111
0.9 3.1111111
1 3.1111111
1.1 3.4
1.2 3.4
1.3 3.4545455
1.4 3.4545455
1.5 1.2
1.6 2.2857143
1.7 2.2857143
1.8 2.2857143
1.9 3.25
2 3.1111111
2.1 3.1111111
2.2 3.1111111
2.3 3
2.4 3
2.5 3.1111111
2.6 3.1111111
2.7 3.1111111
2.8 2.8571429
2.9 2.8571429
3 2.8571429
3.1 2.75
3.2 2.75
3.3 2.75
3.4 2.75
3.5 2.75
3.6 2.4
3.7 2.4
3.8 2.4
3.9 2.4
4 2.4
4.1 2.4
4.2 2.4
4.3 2.2857143
4.4 1.6666667
4.5 1.6666667
4.6 1.6666667
4.7 1.6666667
4.8 4.5
4.9 5.1111111
5 5.1111111
5.1 5.1111111
5.2 5.1111111
5.3 5.1111111
5.4 5.1111111
5.5 5.1111111
5.6 4.8
5.7 4.8
5.8 5.4545455
5.9 5.4545455
6 5.3333333
6.1 5.3333333
6.2 5.3333333
6.3 5.3333333
6.4 5.3333333
6.5 5.4545455
6.6 5.5
6.7 5.8181818
6.8 5.8181818
6.9 5.8181818
7 5.8181818
7.1 5.8181818
7.2 5.8181818
7.3 5.8333333
7.4 5.8333333
7.5 5.8333333
7.6 5.8333333
7.7 5.8333333
7.8 5.8181818
7.9 5.8181818
8 5.6666667
8.1 5.6666667
8.2 5.6666667
8.3 5.6666667
8.4 5.6666667
8.5 5.6666667
8.6 5.6666667
8.7 5.4545455
8.8 5.4545455
8.9 5.4545455
9 4.2
9.1 4
9.2 4
9.3 4
9.4 4
9.5 5.3846154
9.6 5.3846154
9.7 5.4285714
9.8 5.4285714
9.9 5.4285714
10 5.4285714
10.1 5.4666667
10.2 5.4666667
10.3 5.4666667
10.4 5.625
10.5 5.6
10.6 5.8571429
10.7 5.8571429
10.8 5.8571429
10.9 5.8571429
11 6.1333333
11.1 6.1333333
11.2 6.1333333
11.3 6.1333333
11.4 6.1333333
11.5 6.1333333
11.6 6.1333333
11.7 6.1333333
11.8 6.1333333
11.9 5.5294118
12 4.875
12.1 4.5333333
12.2 5.0769231
12.3 5.0769231
12.4 4.1818182
12.5 4
12.6 8.7777778
12.7 8.9
12.8 8.9090909
12.9 8.9090909
13 9.3043478
13.1 9.3043478
13.2 9.25
13.3 9.25
13.4 8.9090909
13.5 8.9090909
13.6 8.9090909
13.7 8.9090909
13.8 8.9090909
13.9 8.9090909
14 8.9090909
14.1 8.9090909
14.2 8.9090909
14.3 8.9090909
14.4 8.9090909
14.5 8.9090909
14.6 8.8571429
14.7 8.3
14.8 8.3
14.9 8.3
15 8.3
15.1 8.3
15.2 8.3
15.3 7.8947368
15.4 7.8947368
15.5 7.8947368
15.6 7.6666667
15.7 7.6666667
15.8 7.6666667
15.9 7.6470588
16 7.375
16.1 7.375
16.2 7.3333333
16.3 7
16.4 3.5555556
16.5 3.5555556
16.6 3.8947368
16.7 3.8947368
16.8 4
16.9 4
17 4
17.1 4
17.2 4
17.3 4
17.4 4.2727273
17.5 4.1904762
17.6 4.1904762
17.7 4.3636364
17.8 4.2608696
17.9 4.2727273
18 4.7368421
18.1 4.7368421
18.2 4.7368421
18.3 4.875
18.4 5.0666667
18.5 5.1428571
18.6 3.6
18.7 3.8181818
18.8 4.3333333
18.9 4.3333333
19 4.3333333
19.1 4.3333333
19.2 4.3333333
19.3 4.1818182
19.4 4.1666667
19.5 4.1666667
19.6 4.1666667
19.7 4.1666667
19.8 4.1666667
19.9 4.1666667
20 4.1666667
20.1 4.8
20.2 4.8
20.3 4.8
20.4 4.8
20.5 4.8
20.6 4.8
20.7 4.8
20.8 4.8
20.9 4.8
21 4.8
21.1 4.8
21.2 4.8
21.3 4.8
21.4 4.8
21.5 4.8
21.6 4.4444444
21.7 4.4444444
21.8 4.4444444
21.9 4.4444444
22 4.4444444
22.1 4
22.2 4
22.3 4
22.4 3.5
22.5 3.5
22.6 3.1666667
22.7 3.1666667
22.8 3.1666667
22.9 3.0769231
23 3
23.1 3
23.2 2.9090909
23.3 2.9090909
23.4 2.8571429
23.5 2.8571429
23.6 2.8571429
23.7 2.8571429
23.8 2.8571429
23.9 2.8571429
24 2.8571429
24.1 2.8571429
24.2 2.8571429
24.3 2.8571429
24.4 2.8571429
24.5 2.8571429
24.6 2.8571429
24.7 3.2
24.8 2.75
24.9 3.3333333
25 3.6
25.1 3.6
25.2 3.6
25.3 3.6
25.4 3.6
25.5 3.6
25.6 3.6
25.7 3.6
25.8 3.6
25.9 3.8181818
26 4.3333333
26.1 4.3333333
26.2 6
26.3 6
26.4 5.5
26.5 5.5
26.6 5.5
26.7 5.6
26.8 5.6
26.9 5.6
27 5.8666667
27.1 5.8666667
27.2 5.8666667
27.3 6.1428571
27.4 6.4
27.5 7.4117647
27.6 7.4117647
27.7 7.4117647
27.8 7.4117647
27.9 7.4117647
28 7.4117647
28.1 7.4117647
28.2 7.4117647
28.3 7.4117647
28.4 6.875
28.5 6.4
28.6 6.4
28.7 6.4
28.8 6.4
28.9 6.1538462
29 6.1538462
29.1 6.1538462
29.2 6.1538462
29.3 6.1538462
29.4 6.1538462
29.5 6.1538462
29.6 2.2222222
29.7 2.2222222
29.8 2.2222222
29.9 2.2222222
30 2.2222222
30.1 2.25
30.2 2.25
30.3 2.25
30.4 2.25
30.5 2.25
30.6 2.25
30.7 2.2857143
30.8 2.2857143
30.9 2.2857143
31 2.2857143
31.1 2.2857143
31.2 2.2857143
31.3 2.2857143
31.4 1.6
31.5 1.3333333
31.6 1.3333333
31.7 1.3333333
31.8 1.3333333
31.9 1.3333333
32 1.3333333
32.1 1.3333333
32.2 1.3333333
32.3 1.3333333
32.4 1.3333333
32.5 1.3333333
32.6 1.3333333
32.7 1.3333333
32.8 1.3333333
32.9 1.3333333
33 1.3333333
33.1 1.3333333
33.2 1.3333333
33.3 1.3333333
33.4 1.3333333
33.5 1.3333333
33.6 1.3333333
33.7 1.3333333
33.8 1
33.9 1
34 1
34.1 1
34.2 1
34.3 1
34.4 1
34.5 1
34.6 0
34.7 0
34.8 0
34.9 0
35 0
35.1 0
35.2 0
35.3 0
35.4 0
35.5 0
35.6 0
35.7 0
35.8 0
35.9 0
36 0
36.1 0
36.2 0
36.3 0
36.4 0
36.5 0
36.6 0
36.7 0
36.8 0
36.9 0
37 0
