time site_diversity
0 3.4285714
0.1 4
0.2 4.25
0.3 3.5555556
0.4 3.3333333
0.5 3.3333333
0.6 3.25
0.7 3.25
0.8 3.25
0.9 3.25
1 3.25
1.1 3.1111111
1.2 3.25
1.3 3.25
1.4 3.25
1.5 1.2
1.6 1.2
1.7 2.2857143
1.8 2.2857143
1.9 2
2 2
2.1 2
2.2 2
2.3 2
2.4 2.7272727
2.5 2.7272727
2.6 2.7272727
2.7 2.7272727
2.8 2.7272727
2.9 2.8
3 2.7272727
3.1 2.7272727
3.2 2.7272727
3.3 2.7272727
3.4 2.7272727
3.5 2.7272727
3.6 2.6666667
3.7 2.3333333
3.8 2.3333333
3.9 2.3333333
4 2.3333333
4.1 2.3333333
4.2 2.3636364
4.3 2.3636364
4.4 2.4
4.5 2.4
4.6 2.4
4.7 2.4
4.8 3.1428571
4.9 5
5 5
5.1 5
5.2 5
5.3 5
5.4 5.4545455
5.5 5.4545455
5.6 5.4545455
5.7 5.4545455
5.8 5.4545455
5.9 5.5
6 5.5
6.1 5.5
6.2 5.5
6.3 5.5
6.4 5.2307692
6.5 5.1666667
6.6 5.1666667
6.7 5.1666667
6.8 5.1666667
6.9 5.3846154
7 5.3846154
7.1 5.3846154
7.2 5.3846154
7.3 5.3846154
7.4 5.3846154
7.5 5.3846154
7.6 5.3846154
7.7 5.3846154
7.8 5.3846154
7.9 5.3846154
8 5.3846154
8.1 5.3846154
8.2 5.3846154
8.3 5.3846154
8.4 5.2857143
8.5 5.2857143
8.6 5.2857143
8.7 5.2857143
8.8 5.2857143
8.9 5.3846154
9 4.9230769
9.1 4.8333333
9.2 4.8333333
9.3 4.8333333
9.4 4.6666667
9.5 4.5714286
9.6 5.6
9.7 5.6
9.8 5.875
9.9 5.875
10 5.875
10.1 5.875
10.2 5.8823529
10.3 5.8823529
10.4 5.8823529
10.5 5.8823529
10.6 5.875
10.7 5.875
10.8 5.875
10.9 5.875
11 5.875
11.1 5.875
11.2 5.875
11.3 5.875
11.4 5.875
11.5 5.875
11.6 5.875
11.7 5.875
11.8 5.875
11.9 5.875
12 5.5
12.1 5.5
12.2 5.5
12.3 5.5
12.4 6.1428571
12.5 5.5384615
12.6 7.375
12.7 7.375
12.8 7.1764706
12.9 7.6842105
13 7.6842105
13.1 7.6842105
13.2 7.6842105
13.3 7.9
13.4 7.9
13.5 8.1904762
13.6 8.6363636
13.7 8.6363636
13.8 8.6956522
13.9 8.2857143
14 8.2857143
14.1 8.9090909
14.2 8.9090909
14.3 8.8571429
14.4 8.9
14.5 8.9
14.6 8.9
14.7 8.9
14.8 8.9
14.9 8.9
15 8.9
15.1 8.9
15.2 8.9
15.3 8.9
15.4 8.9
15.5 8.9
15.6 8.9
15.7 8.9
15.8 8.9
15.9 8.9
16 8.7777778
16.1 8.7777778
16.2 8.3529412
16.3 8.3529412
16.4 3.5555556
16.5 3.5555556
16.6 3.5789474
16.7 3.8095238
16.8 3.8095238
16.9 3.8095238
17 3.9047619
17.1 3.9047619
17.2 3.8181818
17.3 4.2608696
17.4 4.2608696
17.5 4.2727273
17.6 4.5454545
17.7 4.5454545
17.8 4.5454545
17.9 4.5454545
18 4.5454545
18.1 4.3809524
18.2 4.3809524
18.3 4.7368421
18.4 4
18.5 4
18.6 3.5555556
18.7 4
18.8 4
18.9 4
19 4
19.1 4
19.2 4
19.3 4
19.4 3.8333333
19.5 3.4285714
19.6 3.4285714
19.7 3.4285714
19.8 3.4285714
19.9 3.2307692
20 3.1666667
20.1 3.1666667
20.2 3.1666667
20.3 3.1666667
20.4 3.1666667
20.5 3.1666667
20.6 3.1666667
20.7 3.1666667
20.8 3.1666667
20.9 3.7142857
21 4.25
21.1 4.25
21.2 4.25
21.3 4.5714286
21.4 4.5714286
21.5 4.5714286
21.6 4.5714286
21.7 4.5714286
21.8 4.5714286
21.9 4.5714286
22 4.5714286
22.1 4.5714286
22.2 4.5714286
22.3 3.6666667
22.4 3.6666667
22.5 3.6666667
22.6 3.6666667
22.7 3.4285714
22.8 3.4285714
22.9 3.4285714
23 3.4285714
23.1 3.4285714
23.2 3.5
23.3 3.5555556
23.4 3
23.5 3.5555556
23.6 3.25
23.7 3.1111111
23.8 3.1111111
23.9 3.1111111
24 3.1111111
24.1 3.1111111
24.2 3.25
24.3 3.7777778
24.4 3.7777778
24.5 4
24.6 4.5
24.7 5.0769231
24.8 6.1333333
24.9 6.1333333
25 6.1333333
25.1 6.1333333
25.2 7.5555556
25.3 7.5555556
25.4 7.5555556
25.5 7.5555556
25.6 7.5555556
25.7 7.5555556
25.8 7.5555556
25.9 7.5555556
26 7.2631579
26.1 7.2631579
26.2 6.3529412
26.3 6.3529412
26.4 6.3529412
26.5 6.3529412
26.6 6.3529412
26.7 6.3529412
26.8 6.3529412
26.9 6.3529412
27 6.3529412
27.1 6.3529412
27.2 6.3529412
27.3 6.3529412
27.4 6.3529412
27.5 5.625
27.6 5.625
27.7 5.625
27.8 5.625
27.9 5.2
28 5.2
28.1 5.2
28.2 5.2
28.3 5.5384615
28.4 5.5384615
28.5 5.5384615
28.6 5.5384615
28.7 5.5384615
28.8 5.3333333
28.9 5.3333333
29 5.3333333
29.1 5.3333333
29.2 4.5454545
29.3 4.5454545
29.4 3.25
29.5 2.8571429
29.6 2.25
29.7 2.25
29.8 2.25
29.9 2.25
30 2.25
30.1 2.25
30.2 2.25
30.3 2.25
30.4 2.25
30.5 2.25
30.6 2.25
30.7 2.25
30.8 2.2857143
30.9 2
31 2
31.1 2
31.2 2
31.3 2
31.4 2
31.5 2
31.6 2
31.7 2
31.8 2
31.9 1.3333333
32 1.3333333
32.1 1.3333333
32.2 1.3333333
32.3 1.3333333
32.4 1.3333333
32.5 1.3333333
32.6 1.3333333
32.7 1.3333333
32.8 1.3333333
32.9 1.3333333
33 1.3333333
33.1 1.3333333
33.2 1.3333333
33.3 1.3333333
33.4 1.3333333
33.5 1.3333333
33.6 1.3333333
33.7 1
33.8 1
33.9 1
34 1
34.1 1
34.2 1
34.3 1
34.4 1
34.5 1
34.6 1
34.7 1
34.8 1
34.9 1
35 1
35.1 1
35.2 1
35.3 1
35.4 1
35.5 1
35.6 1
35.7 1
35.8 1
35.9 0
36 0
36.1 0
36.2 0
36.3 0
36.4 0
36.5 0
36.6 0
36.7 0
