time site_diversity
0 3.4285714
0.1 4
0.2 4.25
0.3 3.25
0.4 3.25
0.5 3.25
0.6 3.25
0.7 3.25
0.8 3.1111111
0.9 3.1111111
1 3.25
1.1 3.5555556
1.2 3.6
1.3 3.6
1.4 3.6
1.5 2.8
1.6 2.8
1.7 2.8
1.8 2.8
1.9 2.8
2 2.8
2.1 2.8
2.2 2.6666667
2.3 2.6666667
2.4 2.6666667
2.5 2.6666667
2.6 2.6666667
2.7 2.6666667
2.8 2.75
2.9 2.75
3 2.75
3.1 2.75
3.2 2.8571429
3.3 2.8571429
3.4 3
3.5 3
3.6 2.5
3.7 1.7142857
3.8 1.7142857
3.9 1.7142857
4 1.6666667
4.1 1.6666667
4.2 1.6666667
4.3 1.6666667
4.4 1.6666667
4.5 1.6666667
4.6 1.6666667
4.7 1.6666667
4.8 4.25
4.9 4.25
5 4.25
5.1 5
5.2 5
5.3 4.9090909
5.4 5.8333333
5.5 5.8333333
5.6 5.6923077
5.7 5.6923077
5.8 5.6666667
5.9 5.3846154
6 5.3846154
6.1 5.3846154
6.2 5.3846154
6.3 5.3846154
6.4 5.3846154
6.5 5.3846154
6.6 5.2857143
6.7 5.2857143
6.8 5.2857143
6.9 5.2857143
7 5.2857143
7.1 5.3846154
7.2 5.3846154
7.3 5.3846154
7.4 5.3846154
7.5 5.1428571
7.6 5.1428571
7.7 5.1428571
7.8 5.1428571
7.9 5.1428571
8 5.1428571
8.1 5.3846154
8.2 5.3846154
8.3 5
8.4 5
8.5 5
8.6 5
8.7 5
8.8 5
8.9 5
9 5
9.1 5
9.2 5
9.3 5
9.4 5
9.5 5.3333333
9.6 5.3333333
9.7 5.3333333
9.8 5.3333333
9.9 5.3333333
10 5.875
10.1 5.875
10.2 5.875
10.3 5.6
10.4 5.6
10.5 5.6
10.6 5.6
10.7 5.6
10.8 5.6
10.9 5.6
11 5.625
11.1 5.625
11.2 5.625
11.3 5.625
11.4 5.6
11.5 5.6
11.6 5.6
11.7 5.6
11.8 5.8571429
11.9 5.8571429
12 5.8571429
12.1 5.8571429
12.2 5.8571429
12.3 4.7692308
12.4 4.4
12.5 3.7777778
12.6 5.8333333
12.7 6.7058824
12.8 6.8888889
12.9 8
13 8
13.1 8.2857143
13.2 8.2857143
13.3 8.6363636
13.4 9.25
13.5 8.9090909
13.6 8.9090909
13.7 8.9090909
13.8 8.9090909
13.9 8.9090909
14 8.8571429
14.1 8.8571429
14.2 8.8571429
14.3 8.9
14.4 8.9
14.5 8.9
14.6 8.9
14.7 8.9
14.8 8.9
14.9 8.9
15 8.4210526
15.1 8.4210526
15.2 8.4210526
15.3 8.2222222
15.4 8.2222222
15.5 8.2222222
15.6 7.6470588
15.7 7.6470588
15.8 7.6470588
15.9 7.375
16 7.1428571
16.1 7.1428571
16.2 7.0769231
16.3 7.0769231
16.4 3.5555556
16.5 3.7894737
16.6 3.7894737
16.7 4.1
16.8 4.1
16.9 3.8947368
17 4
17.1 4
17.2 4
17.3 4.1052632
17.4 4.4
17.5 4.3809524
17.6 4.3809524
17.7 4.3809524
17.8 4.4
17.9 4.6666667
18 4.7058824
18.1 5.2
18.2 4.9333333
18.3 4.9333333
18.4 4.9333333
18.5 4.4615385
18.6 1.6
18.7 2.3333333
18.8 2.3333333
18.9 3.8
19 4.3333333
19.1 4.3333333
19.2 4.3333333
19.3 4.3333333
19.4 4.3333333
19.5 4.3333333
19.6 4.3333333
19.7 4.1818182
19.8 4.1818182
19.9 4.1818182
20 3.6923077
20.1 3.6923077
20.2 3.6923077
20.3 3.7142857
20.4 3.7142857
20.5 3.7142857
20.6 3.7142857
20.7 3.7333333
20.8 3.4285714
20.9 3.4285714
21 3.4285714
21.1 3.4285714
21.2 3.4285714
21.3 3.4285714
21.4 3.4285714
21.5 3.4285714
21.6 3.4285714
21.7 3.3846154
21.8 3.8181818
21.9 3.8181818
22 3.4
22.1 3.4
22.2 3.4
22.3 3.4
22.4 3.4
22.5 3.3333333
22.6 3.3333333
22.7 4
22.8 4
22.9 4
23 3.1428571
23.1 3.1428571
23.2 3.1428571
23.3 3.1428571
23.4 3.1428571
23.5 2
23.6 2.75
23.7 2.75
23.8 2.75
23.9 2.6666667
24 2.6666667
24.1 2.6666667
24.2 2.6666667
24.3 3.4
24.4 3.6
24.5 5
24.6 4.7692308
24.7 4.7692308
24.8 4.7692308
24.9 4.7692308
25 4.7692308
25.1 5.1428571
25.2 5.6
25.3 5.6
25.4 5.6
25.5 6
25.6 6
25.7 6
25.8 6.3529412
25.9 6.3529412
26 6.3529412
26.1 6.3529412
26.2 6.1111111
26.3 6.2352941
26.4 6.2352941
26.5 6.2352941
26.6 6.2352941
26.7 6.2352941
26.8 6.2352941
26.9 7.1578947
27 7.1578947
27.1 7.1578947
27.2 7.1578947
27.3 7.4117647
27.4 7.4117647
27.5 7
27.6 7
27.7 7
27.8 7.3333333
27.9 5.5
28 4.9090909
28.1 4.4
28.2 4.2222222
28.3 4.2222222
28.4 4.2222222
28.5 4.2222222
28.6 4.2222222
28.7 4.2222222
28.8 4.2222222
28.9 4.2222222
29 4.2222222
29.1 4.2222222
29.2 4.2222222
29.3 3.5
29.4 1.6666667
29.5 1.2
29.6 2.25
29.7 2.25
29.8 2.25
29.9 2.2222222
30 2.2222222
30.1 2.2222222
30.2 2.2222222
30.3 2.2222222
30.4 2.2222222
30.5 2.2857143
30.6 2.2857143
30.7 2.3333333
30.8 2.3333333
30.9 1.5
31 1.5
31.1 1.5
31.2 1.5
31.3 1.5
31.4 1.5
31.5 1.3333333
31.6 1.3333333
31.7 1.3333333
31.8 1.3333333
31.9 1.3333333
32 1.3333333
32.1 1.3333333
32.2 1.3333333
32.3 1.3333333
32.4 1.3333333
32.5 1.3333333
32.6 1.3333333
32.7 1.3333333
32.8 1.3333333
32.9 1.3333333
33 1.3333333
33.1 1.3333333
33.2 1.3333333
33.3 1.3333333
33.4 1.3333333
33.5 1.3333333
33.6 1.3333333
33.7 1.3333333
33.8 1.3333333
33.9 1.3333333
34 1
34.1 1
34.2 1
34.3 1
34.4 1
34.5 1
34.6 1
34.7 1
34.8 1
34.9 1
35 1
35.1 1
35.2 1
35.3 1
35.4 1
35.5 1
35.6 1
35.7 1
35.8 1
35.9 1
36 1
36.1 1
36.2 1
36.3 1
36.4 1
36.5 1
36.6 1
36.7 1
36.8 1
36.9 1
37 1
37.1 0
37.2 0
37.3 0
37.4 0
37.5 0
