time site_diversity
0 3.4285714
0.1 4
0.2 4.25
0.3 3.4285714
0.4 3.1111111
0.5 3.1111111
0.6 3.1111111
0.7 3.2
0.8 3.2
0.9 3.2
1 3.4545455
1.1 3.4
1.2 3.4
1.3 3.1111111
1.4 3.1111111
1.5 3.25
1.6 3.25
1.7 3.25
1.8 3.25
1.9 3.25
2 3.25
2.1 3.25
2.2 2.4
2.3 2.3333333
2.4 2.3333333
2.5 2.3333333
2.6 2.3333333
2.7 2.3333333
2.8 2.3636364
2.9 2.4444444
3 2.4444444
3.1 2.4444444
3.2 2.4444444
3.3 2.4
3.4 2.4
3.5 2.4
3.6 2.4
3.7 2.4
3.8 2.4444444
3.9 2.4444444
4 2.4444444
4.1 2.4444444
4.2 2.4444444
4.3 2
4.4 2
4.5 2
4.6 2
4.7 2
4.8 5.8181818
4.9 5.8181818
5 5.8181818
5.1 5.8181818
5.2 5.8181818
5.3 5.8181818
5.4 5.8181818
5.5 5.8181818
5.6 5.8181818
5.7 5.3846154
5.8 5.3846154
5.9 5.3846154
6 5.3846154
6.1 5.3846154
6.2 5.4285714
6.3 5.6923077
6.4 5.4285714
6.5 5.4285714
6.6 5.4285714
6.7 5.4285714
6.8 5.3846154
6.9 5.2857143
7 5.0769231
7.1 5.0769231
7.2 5.0769231
7.3 5.0769231
7.4 5.0769231
7.5 5.1666667
7.6 5.1666667
7.7 5.1666667
7.8 5.1666667
7.9 5.1666667
8 5.1666667
8.1 5.1666667
8.2 5.1666667
8.3 5.1666667
8.4 5.1666667
8.5 5.1666667
8.6 5.1666667
8.7 4.7272727
8.8 4.7272727
8.9 4.7272727
9 5
9.1 4.8888889
9.2 4.8888889
9.3 3
9.4 3
9.5 4.9230769
9.6 4.8571429
9.7 5.8571429
9.8 5.8571429
9.9 5.8571429
10 5.8571429
10.1 5.8571429
10.2 6.1333333
10.3 6.1333333
10.4 6.1333333
10.5 6.1333333
10.6 6.1333333
10.7 6.1333333
10.8 6.1333333
10.9 6.1333333
11 6.1333333
11.1 5.5294118
11.2 5.5294118
11.3 5.5294118
11.4 6.1333333
11.5 6.1333333
11.6 6.1333333
11.7 6.1333333
11.8 6.1333333
11.9 6.4285714
12 6.4285714
12.1 6.4
12.2 6.4
12.3 6.4
12.4 6.4285714
12.5 6.4285714
12.6 8.5714286
12.7 8.5714286
12.8 8.5714286
12.9 8.1052632
13 8.1052632
13.1 8.5
13.2 8.5
13.3 8.5714286
13.4 8.9090909
13.5 8.9090909
13.6 8.9090909
13.7 8.9090909
13.8 8.9090909
13.9 8.9090909
14 8.9090909
14.1 8.9090909
14.2 8.9090909
14.3 8.3
14.4 8.3
14.5 8.3
14.6 8.3
14.7 8.3
14.8 7.8947368
14.9 7.8947368
15 7.8947368
15.1 7.8947368
15.2 7.8947368
15.3 7.8947368
15.4 7.8947368
15.5 7.8947368
15.6 7.8947368
15.7 7.7777778
15.8 7.7777778
15.9 7.7777778
16 7.7777778
16.1 7.7777778
16.2 7.2941176
16.3 7.0666667
16.4 3.8947368
16.5 4
16.6 3.9047619
16.7 4.173913
16.8 4.3333333
16.9 4.3333333
17 4.4347826
17.1 4.4347826
17.2 4.0952381
17.3 4.2
17.4 4.2
17.5 4.2
17.6 4
17.7 3.8888889
17.8 3.8888889
17.9 4.1333333
18 4.1333333
18.1 4.1428571
18.2 4.1428571
18.3 4.1428571
18.4 4
18.5 4.5454545
18.6 2.25
18.7 2.25
18.8 3.2
18.9 3.2727273
19 3.2727273
19.1 3.7142857
19.2 3.7142857
19.3 3.7142857
19.4 3.7142857
19.5 3.7142857
19.6 3.7142857
19.7 4.1666667
19.8 4.1666667
19.9 4.1666667
20 4.1666667
20.1 4.1666667
20.2 4.1666667
20.3 4.1666667
20.4 4.1666667
20.5 4.1666667
20.6 4.1538462
20.7 4.1538462
20.8 4.1538462
20.9 4.1538462
21 4.1538462
21.1 4.2857143
21.2 4.2857143
21.3 4.2857143
21.4 4.8333333
21.5 4.9090909
21.6 4.9090909
21.7 4.9090909
21.8 4.9090909
21.9 4.8
22 4.8
22.1 4.4444444
22.2 4.4444444
22.3 4.4444444
22.4 4.4444444
22.5 4
22.6 4
22.7 4
22.8 4.2
22.9 4
23 4
23.1 4
23.2 4
23.3 4
23.4 2.6666667
23.5 2.6666667
23.6 2.6666667
23.7 2.75
23.8 3.1111111
23.9 3.25
24 3.7777778
24.1 3.7777778
24.2 3.7777778
24.3 4.7272727
24.4 4.7272727
24.5 4.7272727
24.6 5.5384615
24.7 5.5384615
24.8 5.5384615
24.9 5.5384615
25 5.5384615
25.1 5.5384615
25.2 5.3846154
25.3 5.3846154
25.4 5.3846154
25.5 5.3846154
25.6 5.4285714
25.7 5.7333333
25.8 5.7333333
25.9 5.7333333
26 5.7333333
26.1 5.1428571
26.2 5.3846154
26.3 5.3846154
26.4 5.3846154
26.5 5.3846154
26.6 5.3846154
26.7 5.7142857
26.8 5.7142857
26.9 5.875
27 5.875
27.1 5.875
27.2 5.875
27.3 5.875
27.4 5.875
27.5 5.875
27.6 5.875
27.7 5.875
27.8 5.875
27.9 5.875
28 6.8888889
28.1 6.8888889
28.2 6.8888889
28.3 6.8888889
28.4 6.8888889
28.5 6.8888889
28.6 6.8235294
28.7 6.8235294
28.8 5.7333333
28.9 4.5714286
29 3.4
29.1 1.6666667
29.2 1.6666667
29.3 1.2
29.4 1.2
29.5 1.2
29.6 2.25
29.7 2.25
29.8 2.25
29.9 2.25
30 2.25
30.1 2.25
30.2 2.25
30.3 2.25
30.4 2.25
30.5 2.25
30.6 2.25
30.7 2.25
30.8 2.25
30.9 2.25
31 2.25
31.1 2.25
31.2 2.25
31.3 2.25
31.4 2.2222222
31.5 2.2222222
31.6 2.2222222
31.7 2.2857143
31.8 2.3333333
31.9 1.3333333
32 1.3333333
32.1 1.3333333
32.2 1.3333333
32.3 1.3333333
32.4 1.3333333
32.5 1.3333333
32.6 1.3333333
32.7 1.3333333
32.8 1.3333333
32.9 1.3333333
33 1.3333333
33.1 1.3333333
33.2 1.3333333
33.3 1.3333333
33.4 1.3333333
33.5 1.3333333
33.6 1.3333333
33.7 1.3333333
33.8 1
33.9 1
34 1
34.1 1
34.2 1
34.3 1
34.4 1
34.5 1
34.6 1
34.7 0
34.8 0
34.9 0
35 0
35.1 0
35.2 0
35.3 0
35.4 0
35.5 0
35.6 0
35.7 0
35.8 0
35.9 0
36 0
36.1 0
36.2 0
36.3 0
36.4 0
36.5 0
36.6 0
36.7 0
36.8 0
36.9 0
