time site_diversity
0 3.4285714
0.1 4
0.2 4.25
0.3 3.4285714
0.4 3.5
0.5 3.2
0.6 3.1111111
0.7 3.1111111
0.8 3.1111111
0.9 3.1111111
1 3.1111111
1.1 3.1111111
1.2 3.1111111
1.3 3.4
1.4 3.5555556
1.5 2.2857143
1.6 2.2857143
1.7 2.25
1.8 2.25
1.9 2.25
2 2.25
2.1 2.25
2.2 2.2857143
2.3 2.2857143
2.4 2.2857143
2.5 3.25
2.6 3.25
2.7 3.25
2.8 3.25
2.9 3.25
3 2.8
3.1 2.8
3.2 2.8
3.3 2.7272727
3.4 2.7272727
3.5 2.6666667
3.6 2.6666667
3.7 2.6666667
3.8 2.6153846
3.9 2.6666667
4 2.6666667
4.1 2.6666667
4.2 2.7272727
4.3 2.8
4.4 2.8
4.5 2.4444444
4.6 2.4444444
4.7 2.4444444
4.8 5.2
4.9 5.2
5 5.2
5.1 4.9230769
5.2 4.9230769
5.3 4.9230769
5.4 4.9230769
5.5 4.9230769
5.6 5.1666667
5.7 5.1666667
5.8 5.1666667
5.9 5.1666667
6 5.1666667
6.1 5.1666667
6.2 5.1666667
6.3 5.1666667
6.4 5.1666667
6.5 5.1666667
6.6 5.0769231
6.7 5.0769231
6.8 5.0769231
6.9 5.0769231
7 5.1666667
7.1 5.1666667
7.2 5.1666667
7.3 5.1666667
7.4 5.1666667
7.5 5.4545455
7.6 5.4545455
7.7 5.4545455
7.8 5
7.9 5
8 5
8.1 5
8.2 5
8.3 5
8.4 5.2727273
8.5 5.2727273
8.6 5.2727273
8.7 5.2727273
8.8 5.2727273
8.9 5.2727273
9 5.2727273
9.1 5.3333333
9.2 5.3333333
9.3 5.3333333
9.4 3.7777778
9.5 4.6666667
9.6 4.7692308
9.7 4.7692308
9.8 4.7692308
9.9 5.6
10 5.6
10.1 5.6
10.2 5.8571429
10.3 5.8571429
10.4 5.8571429
10.5 5.8571429
10.6 5.8571429
10.7 6.1333333
10.8 5.5294118
10.9 5.75
11 6.4285714
11.1 6.4285714
11.2 6.4
11.3 6.4
11.4 6.4285714
11.5 6.4285714
11.6 6.4285714
11.7 6.4285714
11.8 6.4285714
11.9 6.4285714
12 6.4285714
12.1 5.8461538
12.2 5.8461538
12.3 5.8461538
12.4 5.8461538
12.5 5.8461538
12.6 7.2857143
12.7 7.2857143
12.8 7.3333333
12.9 7.875
13 8.1111111
13.1 8.1111111
13.2 8.1052632
13.3 8.1052632
13.4 8.2
13.5 8.2
13.6 8.8181818
13.7 8.8181818
13.8 9.2173913
13.9 9.2173913
14 9.25
14.1 9.25
14.2 9.25
14.3 9.25
14.4 9.25
14.5 9.25
14.6 9.25
14.7 9.25
14.8 9.25
14.9 9.25
15 9.25
15.1 9.25
15.2 9.25
15.3 9.25
15.4 9.25
15.5 9.25
15.6 9.25
15.7 9.25
15.8 8.9090909
15.9 8.9090909
16 8.9090909
16.1 8.8571429
16.2 8.4210526
16.3 8.4210526
16.4 3.7
16.5 3.7
16.6 3.5555556
16.7 3.5555556
16.8 4
16.9 4
17 4
17.1 4.1904762
17.2 4.6
17.3 4.6
17.4 4.6
17.5 4.6
17.6 4.6
17.7 4.6666667
17.8 4.6666667
17.9 4.6666667
18 5.125
18.1 5.125
18.2 5.125
18.3 5.2
18.4 5
18.5 5
18.6 3
18.7 3
18.8 3.8181818
18.9 3.8181818
19 4.3333333
19.1 4.1818182
19.2 4.1538462
19.3 4.1538462
19.4 4.1538462
19.5 4.1538462
19.6 4.1538462
19.7 4.1538462
19.8 4.1538462
19.9 4.1538462
20 4.1538462
20.1 4.1666667
20.2 4.1666667
20.3 4.1666667
20.4 4.1666667
20.5 4.1666667
20.6 4.1666667
20.7 4.1666667
20.8 4.1666667
20.9 4.1666667
21 4.1666667
21.1 4.1666667
21.2 3.7142857
21.3 3.7142857
21.4 3.7142857
21.5 3.3333333
21.6 3.3333333
21.7 3.3333333
21.8 3.3333333
21.9 3.3333333
22 3.3333333
22.1 3.3333333
22.2 3.3333333
22.3 3.8
22.4 3.8
22.5 3.8
22.6 3.8
22.7 3.8
22.8 3.8
22.9 3.8
23 4.5
23.1 4.4444444
23.2 4.25
23.3 3.75
23.4 3.75
23.5 2.8571429
23.6 3.3333333
23.7 3.3333333
23.8 3.3333333
23.9 3
24 3.5555556
24.1 4.4
24.2 4.4
24.3 5.0909091
24.4 4.8333333
24.5 6.2857143
24.6 6.2857143
24.7 6.5
24.8 6.5
24.9 6.5
25 6.5
25.1 6.5
25.2 6.5
25.3 6.5
25.4 6
25.5 5.4666667
25.6 5.4666667
25.7 5.4666667
25.8 5.4666667
25.9 5.875
26 5.875
26.1 5.6470588
26.2 5.6470588
26.3 5.6470588
26.4 5.6470588
26.5 5.6470588
26.6 5.6470588
26.7 5.75
26.8 5.75
26.9 5.75
27 5.75
27.1 6.2352941
27.2 6.2352941
27.3 6.6666667
27.4 6.6666667
27.5 6.6666667
27.6 6.6666667
27.7 6.6666667
27.8 6.6666667
27.9 6.6666667
28 6.6666667
28.1 6.6666667
28.2 6.7142857
28.3 6.7142857
28.4 6.7142857
28.5 6.7142857
28.6 6.7142857
28.7 5.1666667
28.8 4.5454545
28.9 2.75
29 1.6666667
29.1 1.2
29.2 1.2
29.3 1.2
29.4 1.2
29.5 1.2
29.6 2.25
29.7 2.25
29.8 2.25
29.9 2.25
30 2.25
30.1 2.25
30.2 2.25
30.3 2.25
30.4 2.25
30.5 2.25
30.6 2.25
30.7 2.25
30.8 2.25
30.9 2.25
31 2.25
31.1 2.25
31.2 2.25
31.3 2
31.4 2
31.5 2
31.6 2
31.7 2
31.8 1.5
31.9 1
32 1
32.1 1
32.2 1
32.3 1
32.4 1
32.5 1
32.6 1.3333333
32.7 1.3333333
32.8 1.3333333
32.9 1.3333333
33 1.3333333
33.1 1.3333333
33.2 1.3333333
33.3 1.3333333
33.4 1.3333333
33.5 1.3333333
33.6 1.3333333
33.7 1.3333333
33.8 1.3333333
33.9 1.3333333
34 1
34.1 1
34.2 1
34.3 1
34.4 1
34.5 1
34.6 1
34.7 0
34.8 0
34.9 0
35 0
35.1 0
35.2 0
35.3 0
35.4 0
35.5 0
35.6 0
35.7 0
35.8 0
35.9 0
36 0
36.1 0
36.2 0
36.3 0
36.4 0
36.5 0
36.6 0
36.7 0
36.8 0
36.9 0
37 0
