time site_diversity
0 3.4285714
0.1 4
0.2 4.25
0.3 3.25
0.4 3.1111111
0.5 3.5555556
0.6 3.5555556
0.7 3.25
0.8 3.25
0.9 3.25
1 3.25
1.1 3.25
1.2 3.3333333
1.3 3.3333333
1.4 3.3333333
1.5 2
1.6 2
1.7 2
1.8 2
1.9 2
2 2.8
2.1 2.7272727
2.2 2.6666667
2.3 2.6153846
2.4 2.6153846
2.5 2.6153846
2.6 2.6153846
2.7 2.6153846
2.8 2.6666667
2.9 2.7272727
3 2.7272727
3.1 2.7272727
3.2 2.7272727
3.3 2.7272727
3.4 2.7272727
3.5 2.7272727
3.6 2.7272727
3.7 2.6666667
3.8 2.6666667
3.9 2.6666667
4 2.6666667
4.1 2.6666667
4.2 2.6
4.3 2.25
4.4 2.25
4.5 1.3333333
4.6 1.3333333
4.7 1.3333333
4.8 5.3846154
4.9 5.3846154
5 5.3846154
5.1 5.3846154
5.2 5.6666667
5.3 5.6666667
5.4 5.6666667
5.5 5.6666667
5.6 5.6666667
5.7 5.6666667
5.8 5.3846154
5.9 5.3846154
6 5.3846154
6.1 5.3846154
6.2 5.3846154
6.3 5.3846154
6.4 5.3846154
6.5 5.2857143
6.6 5.2857143
6.7 5.2857143
6.8 5.2857143
6.9 5.3846154
7 5.3846154
7.1 5.3846154
7.2 5.3846154
7.3 5.3846154
7.4 5.3846154
7.5 5.3846154
7.6 5.3846154
7.7 5.3846154
7.8 5.3846154
7.9 5.3846154
8 5.3846154
8.1 5.3846154
8.2 5.3846154
8.3 5.4285714
8.4 5.6923077
8.5 5.6923077
8.6 5.6666667
8.7 5.6666667
8.8 5.6666667
8.9 5.6666667
9 5.6666667
9.1 5.6666667
9.2 5.6363636
9.3 5.6363636
9.4 4.4
9.5 4.6153846
9.6 5
9.7 5.6
9.8 5.875
9.9 5.875
10 6.1333333
10.1 6.1333333
10.2 6.1333333
10.3 6.1333333
10.4 6.125
10.5 6.125
10.6 6.1333333
10.7 6.1333333
10.8 6.1333333
10.9 6.1333333
11 5.5294118
11.1 5.5294118
11.2 6.4285714
11.3 6.4285714
11.4 6.4285714
11.5 6.6153846
11.6 6.6153846
11.7 6.6153846
11.8 6.6153846
11.9 6.6153846
12 6.6153846
12.1 6.6153846
12.2 6
12.3 5.2727273
12.4 5.2727273
12.5 5
12.6 6.9333333
12.7 7.8947368
12.8 7.8947368
12.9 7.8947368
13 8.2857143
13.1 8.2857143
13.2 8.2857143
13.3 8.2857143
13.4 9.25
13.5 9.25
13.6 9.25
13.7 9.25
13.8 9.25
13.9 9.25
14 9.25
14.1 9.25
14.2 9.25
14.3 9.25
14.4 9.25
14.5 9.25
14.6 9.25
14.7 9.25
14.8 9.25
14.9 9.25
15 9.25
15.1 9.25
15.2 9.25
15.3 9.25
15.4 8.9090909
15.5 8.9090909
15.6 8.9090909
15.7 8.9090909
15.8 8.9090909
15.9 8.9090909
16 8.8571429
16.1 8.1111111
16.2 8.1111111
16.3 7.6470588
16.4 3.4444444
16.5 3.5789474
16.6 3.5789474
16.7 4.1
16.8 4.1
16.9 4.2857143
17 4.2857143
17.1 4.2857143
17.2 4.2727273
17.3 4.2727273
17.4 4.2727273
17.5 4.4347826
17.6 4.3478261
17.7 4.3478261
17.8 4.3478261
17.9 4.7
18 4.9411765
18.1 5.125
18.2 5.125
18.3 5.0588235
18.4 4.75
18.5 4.6666667
18.6 3
18.7 3.3333333
18.8 3.3333333
18.9 3.3333333
19 3.8
19.1 3.8
19.2 3.8
19.3 3.8
19.4 3.8
19.5 3.8
19.6 3.8
19.7 3.8
19.8 3.8
19.9 3.8181818
20 3.3846154
20.1 3.3846154
20.2 3.3846154
20.3 3.7142857
20.4 3.7142857
20.5 3.7142857
20.6 3.7142857
20.7 3.7142857
20.8 3.7142857
20.9 3.7142857
21 3.7142857
21.1 3.7142857
21.2 3.7142857
21.3 3.7142857
21.4 4.1666667
21.5 4.1666667
21.6 4.1666667
21.7 4.1666667
21.8 4.1666667
21.9 4.1666667
22 4.1666667
22.1 4.8333333
22.2 4.8333333
22.3 4
22.4 4
22.5 4
22.6 4.1666667
22.7 4.1666667
22.8 4.3076923
22.9 4.3076923
23 4.3333333
23.1 4.1818182
23.2 4.1818182
23.3 3.2727273
23.4 3.2727273
23.5 3.2727273
23.6 3.2727273
23.7 3.1111111
23.8 3.1111111
23.9 3.1111111
24 3.1111111
24.1 3.1111111
24.2 3.1111111
24.3 3.4285714
24.4 4
24.5 4.6666667
24.6 5.4
24.7 5.4
24.8 6
24.9 6
25 6
25.1 6
25.2 6
25.3 5.6923077
25.4 5.6923077
25.5 5.6923077
25.6 5.6923077
25.7 5.7333333
25.8 5.7333333
25.9 5.7333333
26 5.7333333
26.1 5.7333333
26.2 5.7333333
26.3 5.7333333
26.4 5.7333333
26.5 5.7333333
26.6 5.7333333
26.7 5.7333333
26.8 5.7333333
26.9 5.7333333
27 5.7333333
27.1 5.8571429
27.2 5.8571429
27.3 5.8571429
27.4 6.2666667
27.5 6.2666667
27.6 6.5
27.7 6.6666667
27.8 6.6666667
27.9 6.6666667
28 6.6666667
28.1 6.6666667
28.2 6.6666667
28.3 7.6470588
28.4 7.6470588
28.5 7.75
28.6 7.3333333
28.7 7.3333333
28.8 7.3333333
28.9 7.3333333
29 7.3333333
29.1 6.1538462
29.2 5.6363636
29.3 5.6363636
29.4 3.5
29.5 3.5
29.6 1.7142857
29.7 1.7142857
29.8 2.25
29.9 2.25
30 2.25
30.1 2.25
30.2 2.25
30.3 2.2857143
30.4 2.2857143
30.5 2.2857143
30.6 2.2857143
30.7 2.2857143
30.8 2.2857143
30.9 2.2857143
31 2.3333333
31.1 2.3333333
31.2 2.3333333
31.3 2.3333333
31.4 2.3333333
31.5 2.2857143
31.6 2.2857143
31.7 2.2857143
31.8 2.4
31.9 1.3333333
32 1.3333333
32.1 1.3333333
32.2 1.3333333
32.3 1.3333333
32.4 1.3333333
32.5 1.3333333
32.6 1.3333333
32.7 1.3333333
32.8 1.3333333
32.9 1.3333333
33 1.3333333
33.1 1.3333333
33.2 1.3333333
33.3 1.3333333
33.4 1.3333333
33.5 1.3333333
33.6 1.3333333
33.7 1.3333333
33.8 1.3333333
33.9 1
34 1
34.1 1
34.2 1
34.3 1
34.4 1
34.5 1
34.6 1
34.7 1
34.8 1
34.9 1
35 1
35.1 1
35.2 1
35.3 1
35.4 1
35.5 1
35.6 1
35.7 1
35.8 1
35.9 1
36 1
36.1 1
36.2 1
36.3 1
36.4 1
36.5 1
36.6 1
36.7 0
36.8 0
36.9 0
37 0
